2
3
4
5
6
64
65
66
67
68
69
70
71
72
73
74
75
76
77
78
79
80
81
99
100
101
102
103
104
105
106
107
108
109
110
115
116
117
118
119
120
121
122
123
124
125
126
127
128
129
130
131
132
133
134
135
136
137
138
139
140
141
142
143
144
145
146
147
148
149
150
151
152
153
154
155
156
157
158
159
160
388
389
390
391
392
393
394
395
700
701
702
703
704
705
706
707
708
709
710
711
712
713
714
715
716
717
718
719
720
721
722
723
724
725
726
730
731
732
733
734
735
736
737
738
739
740
741
763
764
765
766
767
768
769
770
771
772
773
