9
17
19
20
21
22
23
24
25
26
27
29
30
31
32
33
37
38
41
42
45
46
51
53
54
55
56
57
58
59
60
62
63
82
84
85
89
91
92
93
94
95
96
97
98
112
113
114
163
164
165
166
167
168
169
170
171
172
173
174
175
176
202
211
212
213
214
215
216
217
223
224
225
226
227
228
229
230
231
232
233
234
235
236
237
238
244
245
277
283
284
286
290
293
320
322
323
342
343
344
345
346
347
348
349
350
351
375
378
387
396
397
398
400
408
409
427
428
429
430
431
432
433
434
435
437
438
439
440
441
442
443
444
445
446
447
448
472
473
474
475
476
477
485
491
492
498
499
515
516
517
518
547
548
549
550
551
552
553
554
555
561
562
563
564
565
566
567
568
569
570
571
572
573
574
575
576
577
578
579
580
582
590
591
594
595
596
597
598
599
600
601
604
605
606
607
608
609
610
611
612
614
615
616
622
623
630
633
634
635
661
662
663
667
668
669
674
675
676
684
690
691
692
693
694
695
696
727
743
744
753
754
756
757
759
762
805
838
841
842
843
844
845
846
857
861
865
866
867
868
869
873
874
875
876
877
878
879
880
881
882
889
890
891
892
893
894
895
896
897
898
904
905
906
911
913
920
959
960
963
964
965
966
967
968
970
971
972
977
978
979
980
981
989
990
991
992
993
994
995
996
997
998
999
