4
5
8
9
14
15
19
21
22
23
25
27
29
32
37
40
41
42
51
55
56
57
58
59
60
62
70
72
80
81
83
85
87
91
92
95
96
99
100
109
113
114
116
121
149
150
162
164
165
166
171
172
174
175
178
202
208
216
218
222
224
226
229
230
231
232
233
234
235
236
237
238
273
296
299
301
323
341
343
344
345
347
351
377
381
382
395
397
402
403
408
410
427
430
431
439
440
443
445
446
448
472
474
476
477
485
491
499
516
517
518
545
546
549
550
551
552
554
572
575
576
578
590
592
594
595
596
598
599
600
605
606
608
615
619
629
632
635
659
661
664
675
676
692
694
695
697
699
703
707
713
724
727
732
737
743
758
761
762
763
773
774
775
779
838
846
870
877
878
879
881
884
889
890
891
892
933
946
963
964
965
967
968
970
971
977
990
994
995
996
997
1000
